10 12
1.0 0.0 0.0 0.0 2.0 0.0 0.0 -1.0 0.0 0.0 
3.0 1.0 0.0 -2.0 -1.0 0.0 0.0 -1.0 0.0 0.0 2.5 1
0.0 2.0 1.1 0.0 0.0 0.0 0.0 0.0 0.0 0.0 2.1 -1
0.0 0.0 1.0 0.0 0.0 1.0 0.0 0.0 0.0 0.0 4.0 0
0.0 0.0 0.0 2.8 0.0 0.0 -1.2 0.0 -1.0 0.0 1.8 0
5.6 0.0 0.0 0.0 1.0 0.0 0.0 1.9 0.0 1.0 15.0 0
1.0 0.0 0.0 0.0 0.0 0.0 0.0 0.0 0.0 0.0 2.5 1
0.0 1.0 0.0 0.0 0.0 0.0 0.0 0.0 0.0 0.0 4.1 -1
0.0 0.0 0.0 0.0 1.0 0.0 0.0 0.0 0.0 0.0 0.5 1
0.0 0.0 0.0 0.0 1.0 0.0 0.0 0.0 0.0 0.0 4.0 -1
0.0 0.0 0.0 0.0 0.0 0.0 0.0 1.0 0.0 0.0 4.3 -1
0.0 0.0 0.0 0.0 0.0 0.0 0.0 0.0 1.0 0.0 3.2 -1
0.0 0.0 0.0 0.0 0.0 0.0 0.0 0.0 0.0 1.0 12.0 -1
0 1 1 1 0 1 1 1 1 1 
